##1.delay_vs_density(s)
Node Nensity BLG-AR GPSR-EA GPSR-ELM			
120	2.13	2.2	2.23
130	2.19	2.27	2.31
140	2.25	2.31	2.37
150	2.31	2.38	2.45
160	2.33	2.43	2.53
170	2.36	2.57	2.71
180	2.4	2.69	2.8
190	2.47	2.75	3
200	2.52	2.87	3.13

##2.pdr_vs_density(%)
Node Nensity BLG-AR GPSR-EA GPSR-ELM			
120	57.6	52.7	57.1
130	64.2	60.6	60
140	74.52	64.6	64.2
150	80.2	75.02	69.3
160	82.2	78.1	74.9
170	85	82.4	79.8
180	90.65	83.7	82.3
190	94	86.9	86.4
200	96.45	90.88	90.1

##3.throughput_vs_density(kbps)
Node Nensity BLG-AR GPSR-EA GPSR-ELM			
120	8.9	7.46	8.1
130	10.39	8.3	9.1
140	15.22	10.65	10.55
150	16.6	14.3	12.01
160	19.2	16	15.87
170	21.32	18.26	17.93
180	24.5	20.3	18.6
190	25.9	22.07	20.1
200	27	23.17	22.05

##4.routing_overhead
Node density BLG-AR GPSR-EA GPSR-ELM
120	23.27	26.2	25.27
130	21.57	23.4	23.7
140	18.78	21.3	21.31
150	17.27	18.6	19.21
160	15.3	17.8	18.17
170	14.1	15.6	17.31
180	12.75	14.5	15.84
190	12.1	13.67	14.31
200	11.4	13.1	13.48

##5.energy_consumption(J)
Node Nensity BLG-AR GPSR-EA GPSR-ELM
120	145	155	162
130	152	162	170
140	168	178	185
150	175	190	193
160	188	202	210
170	205	215	225
180	215	233	239
190	225	240	247
200	235	249	254
